1.1 0.0953102453102453
1.2 0.182321663843403
1.3 0.262364398886138
1.4 0.336472389660795
1.5 0.405465274170921
1.6 0.470003804636871
1.7 0.530628433276206
1.8 0.58778685219933
1.9 0.641854077319187
2 0.693147374665116
2.1 0.741937541138209
2.2 0.788457558588459
2.3 0.832909322605441
2.4 0.87546893818772
2.5 0.916290933652573
2.6 0.955511647579169
2.7 0.993251976200001
2.8 1.02961962090098
2.9 1.06471094115564
3 1.09861249320447
3.1 1.13140231634332
3.2 1.16315101492669
3.3 1.19392267382335
3.4 1.22377563717061
3.5 1.25276317421441
3.6 1.28093405132895
3.7 1.30833302564573
3.8 1.3350012728403
3.9 1.3609767593421
4 1.38629456741307
4.1 1.41098718007994
4.2 1.43508473172671
4.3 1.45861522919702
4.4 1.48160474747523
4.5 1.50407760337505
4.6 1.52605651013657
4.7 1.54756271539587
4.8 1.56861612462817
4.9 1.58923541186196
5 1.60943811920753
5.1 1.62924074652908
5.2 1.64865883240919
5.3 1.66770702740078
5.4 1.68639916043195
5.5 1.70474829911748
5.6 1.72276680463599
5.7 1.74046638174986
5.8 1.75785812447499
5.9 1.77495255784645
6 1.79175967617401
6.1 1.8082889781355
6.19999999999999 1.82454949901676
6.29999999999999 1.84054984037194
6.39999999999999 1.85629819734815
6.49999999999999 1.87180238389158
6.59999999999999 1.88706985602928
6.69999999999999 1.90210773340023
6.79999999999999 1.91692281919132
6.89999999999999 1.931521618618
6.99999999999999 1.94591035607524
7.09999999999999 1.96009499107198
7.19999999999999 1.97408123305118
7.29999999999999 1.98787455518767
7.39999999999999 2.00148020724734
7.49999999999999 2.01490322758311
7.59999999999999 2.02814845433653
7.69999999999999 2.04122053590706
7.79999999999999 2.05412394074595
7.89999999999999 2.06686296652618
7.99999999999999 2.07944174873566
8.09999999999999 2.09186426873668
8.19999999999999 2.10413436133081
8.29999999999999 2.11625572186534
8.39999999999999 2.12823191291411
8.49999999999999 2.14006637056305
8.59999999999999 2.15176241032806
8.69999999999999 2.16332323273086
8.79999999999999 2.17475192855611
8.89999999999999 2.18605148381157
8.99999999999999 2.19722478441115
9.09999999999999 2.20827462059911
9.19999999999999 2.2192036911326
9.29999999999998 2.23001460723804
9.39999999999998 2.24070989635596
9.49999999999998 2.2512920056876
9.59999999999998 2.26176330555595
9.69999999999998 2.27212609259249
9.79999999999998 2.28238259276062
9.89999999999998 2.29253496422554
9.99999999999998 2.3025853000799
10.1 2.31253563093388
